[General]
RefTemp=-3
tempInVolt=-4709
tanTempIn=-0.005409
tempOutVolt=-5022
tanTempOut=-0.004019
volZero=1065
volInLtr=41
volOutLtr=-4238
